version https://git-lfs.github.com/spec/v1
oid sha256:f2cd637330b6e8cf637f160fc27a8ac7c75412231a22a5b00a94e997a15f2062
size 171747
