version https://git-lfs.github.com/spec/v1
oid sha256:f1a8fa686c84601db67650e8fe6687401367d3961daa754cda708c3c0e4c571a
size 273553
