version https://git-lfs.github.com/spec/v1
oid sha256:ea90f80d00ba43e014dd67acd91c96204e24d0239860d2345f5c5bf74796dc5e
size 163067
