version https://git-lfs.github.com/spec/v1
oid sha256:443a3012e0b252580d7fa94074651b2fdce3c415e7fc779a7da56af79e1ca080
size 39344
